msl515031 25 0.0 0.0 248.61 0.26 0.0
r57689 36 0.4 0.1 249.89 0.03 0.0
msl515032 100 0.0 0.0 251.50 0.22 0.0
r57797 100 1.9 0.2 248.18 1.02 0.0
r57761 100 3.9 0.1 245.43 0.99 0.0
r57749 100 8.6 0.2 239.91 0.49 0.0
r57701 100 15.0 0.5 233.44 0.26 0.0
msl515033 200 0.0 0.0 254.37 0.27 0.0
r57793 200 3.1 0.2 248.25 0.94 0.0
r57765 200 5.5 0.2 245.23 0.96 0.0
r57745 200 10.2 0.0 240.49 0.73 0.0
r57705 200 15.7 0.4 234.55 0.14 0.0
msl515034 300 0.0 0.0 257.62 0.31 0.0
r57769 300 6.7 0.2 246.28 0.93 0.0
r57741 300 11.7 0.1 239.30 0.63 0.0
r57709 300 16.2 0.3 236.43 0.11 0.0
msl515035 400 0.0 0.0 260.72 0.41 0.0
r57789 400 6.1 0.2 250.19 0.93 0.0
r57773 400 8.6 0.2 247.63 1.13 0.0
r57737 400 13.4 0.1 241.01 0.54 0.0
r57713 400 16.5 0.3 238.12 0.13 0.0
msl515036 500 0.0 0.0 264.86 0.44 0.0
r57777 500 8.9 0.1 248.38 0.97 0.0
r57733 500 15.0 0.1 241.68 0.49 0.0
r57717 500 17.1 0.2 239.78 0.09 0.0
msl515037 600 0.0 0.0 270.14 0.61 0.0
r57781 600 9.9 0.1 251.14 0.59 0.0
r57721 600 17.3 0.1 242.28 0.23 0.0
r57725 600 17.3 0.1 241.59 0.57 0.0
b&w 25 0.0 0.0 242.35 0.1
als3k90 500 0.0 0.0 257.91 0.32 0.1
als2k90 600 0.0 0.0 262.49 0.16 0.1
b&w 23 0.0 0.0 236.48 0.2
als11k80 300 0.0 0.0 244.34 0.57 0.2
r55633 300 3.6 0.5 239.48 0.18 0.2
als10k80 350 0.0 0.0 245.83 0.40 0.2
r55501 350 17.2 0.2 224.31 0.12 0.2
als9k80 400 0.0 0.0 247.44 0.34 0.2
r55629 400 5.2 0.4 240.28 0.11 0.2
r55493 450 19.0 0.2 224.28 0.06 0.2
r53261 475 12.1 0.2 234.59 0.06 0.2
als7k80 500 0.0 0.0 251.33 0.13 0.2
r55617 500 7.0 0.4 241.37 0.09 0.2
r55577 500 9.6 0.6 236.99 0.03 0.2
r53253 500 12.3 0.1 234.84 0.30 0.2
r55377 500 15.0 0.2 230.58 0.11 0.2
r53197 500 18.0 0.2 229.09 0.20 0.2
als6k80 550 0.0 0.0 253.30 0.25 0.2
r55589 550 10.1 0.4 238.32 0.11 0.2
r53249 550 13.3 0.1 234.99 0.13 0.2
r55373 550 16.0 0.2 230.89 0.10 0.2
r53201 550 18.1 0.2 229.49 0.26 0.2
als5k80 600 0.0 0.0 255.85 0.24 0.2
r55593 600 7.5 0.6 238.89 0.16 0.2
r55613 600 7.5 0.6 241.43 0.28 0.2
r53237 600 14.0 0.2 235.53 0.19 0.2
r55369 600 17.0 0.2 231.15 0.12 0.2
r53205 600 18.1 0.2 230.35 0.24 0.2
als3k80 650 0.0 0.0 257.88 0.32 0.2
als4k80 650 0.0 0.0 258.64 0.20 0.2
r55597 650 7.7 0.6 240.29 0.19 0.2
r53233 650 14.6 0.2 236.07 0.15 0.2
r53217 650 18.6 0.2 231.94 0.16 0.2
r55601 700 8.0 0.6 241.39 0.14 0.2
r53221 700 15.6 0.2 235.81 0.10 0.2
r55365 700 19.0 0.2 231.71 0.21 0.2
b&w 25 0.0 0.0 228.78 0.3
als4k70 500 0.0 0.0 244.83 0.57 0.3
als3k70 550 0.0 0.0 247.23 0.41 0.3
als2k70 600 0.0 0.0 249.59 0.47 0.3
als1k70 650 0.0 0.0 252.36 0.15 0.3
b&w 25 0.0 0.0 221.90 0.4
r54811 400 15.0 0.4 216.25 0.16 0.4
r54935 450 8.8 0.5 223.47 0.15 0.4
r54883 450 8.9 0.4 223.54 0.22 0.4
r54807 450 15.7 0.4 216.44 0.14 0.4
als13k60 500 0.0 0.0 237.83 0.15 0.4
r54907 500 9.8 0.5 223.50 0.15 0.4
r54927 500 9.8 0.5 223.99 0.06 0.4
r54879 500 10.1 0.4 223.91 0.21 0.4
r52113 500 11.9 0.1 220.87 0.55 0.4
r54803 500 16.5 0.4 216.71 0.11 0.4
als12k60 550 0.0 0.0 240.18 0.21 0.4
r54875 550 11.2 0.4 224.59 0.13 0.4
r52105 550 12.6 0.2 221.26 0.44 0.4
r54795 550 17.3 0.4 216.88 0.08 0.4
als11k60 600 0.0 0.0 242.91 0.60 0.4
als5k60 600 0.0 0.0 242.26 0.38 0.4
als6k60 600 0.0 0.0 242.45 0.58 0.4
r54911 600 11.5 0.5 224.17 0.19 0.4
r54863 600 12.4 0.4 223.55 0.10 0.4
r52081 600 15.4 0.1 220.18 0.13 0.4
r54827 600 18.8 0.3 216.54 0.12 0.4
als9k60 650 0.0 0.0 245.33 0.28 0.4
als7k60 650 0.0 0.0 245.31 0.46 0.4
als8k60 650 0.0 0.0 245.25 0.45 0.4
als10k60 650 0.0 0.0 245.62 0.12 0.4
r54867 650 12.4 0.4 223.84 0.25 0.4
r52085 650 15.1 0.2 220.64 0.20 0.4
r54835 650 19.6 0.3 216.45 0.14 0.4
r54783 650 19.6 0.4 216.67 0.10 0.4
r54871 700 12.4 0.4 225.57 0.14 0.4
r52097 700 15.3 0.1 222.26 0.32 0.4
r54787 700 19.7 0.4 217.45 0.09 0.4
b&w 25 0.0 0.0 214.96 0.5
als4k50 500 0.0 0.0 229.92 0.40 0.5
als3k50 550 0.0 0.0 232.03 0.44 0.5
als2k50 600 0.0 0.0 234.43 0.60 0.5
als1k50 650 0.0 0.0 237.16 0.11 0.5
b&w 25 0.0 0.0 207.96 0.6
r54490 400 16.9 0.3 200.18 0.09 0.6
r57084 450 7.6 0.2 212.48 0.38 0.6
r57152 450 15.9 0.1 203.69 0.15 0.6
r57212 450 20.6 0.4 199.95 0.06 0.6
als6k40 500 0.0 0.0 222.80 0.09 0.6
r57080 500 8.6 0.2 212.94 0.40 0.6
r54394 500 12.2 0.3 206.26 0.00 0.6
r57148 500 16.9 0.1 203.95 0.19 0.6
r54486 500 18.6 0.3 200.75 0.10 0.6
als5k40 550 0.0 0.0 225.12 0.07 0.6
r57076 550 9.6 0.2 213.61 0.36 0.6
r54390 550 13.2 0.3 206.67 0.08 0.6
r57144 550 17.8 0.1 204.17 0.17 0.6
r57204 550 22.9 0.4 200.36 0.05 0.6
als4k40 600 0.0 0.0 227.50 0.17 0.6
r54382 600 14.1 0.3 206.91 0.05 0.6
r54414 600 14.1 0.4 206.65 0.13 0.6
r54426 600 14.1 0.4 206.51 0.11 0.6
r53017 600 18.4 0.1 203.54 0.06 0.6
r54482 600 20.4 0.3 201.21 0.10 0.6
r54470 600 21.2 0.3 199.98 0.08 0.6
r53021 625 18.3 0.2 203.74 0.13 0.6
als3k40 650 0.0 0.0 229.94 0.24 0.6
r57068 650 11.5 0.2 215.04 0.07 0.6
r54366 650 15.9 0.2 206.67 0.06 0.6
r53025 650 18.2 0.2 204.53 0.10 0.6
r57136 650 19.6 0.1 205.26 0.26 0.6
r57196 650 25.2 0.4 200.74 0.04 0.6
r53029 675 18.1 0.2 204.90 0.13 0.6
r57064 700 12.5 0.2 215.58 0.21 0.6
r54370 700 16.0 0.2 207.86 0.08 0.6
r53053 700 16.3 0.1 207.86 0.24 0.6
r53041 700 18.0 0.2 206.54 0.28 0.6
r57132 700 20.6 0.1 205.37 0.27 0.6
r54474 700 22.1 0.3 201.80 0.08 0.6
r57240 700 26.0 0.5 200.88 0.11 0.6
r53049 750 17.2 0.2 207.85 0.11 0.6
b&w 25 0.0 0.0 200.90 0.7
als6k30 508 0.0 0.0 215.08 0.34 0.7
als5k30 550 0.0 0.0 217.11 0.17 0.7
als4k30 600 0.0 0.0 219.37 0.31 0.7
als3k30 650 0.0 0.0 221.71 0.31 0.7
b&w 25 0.0 0.0 193.78 0.8
r56329 350 11.8 0.1 191.40 0.18 0.8
r56361 350 12.4 0.1 191.25 0.07 0.8
r56417 350 21.0 0.1 184.78 0.03 0.8
r56325 400 12.6 0.3 191.86 0.08 0.8
r56413 400 21.9 0.2 185.01 0.03 0.8
r56321 450 13.4 0.3 192.24 0.10 0.8
r56409 450 22.8 0.2 185.29 0.04 0.8
als9k20 500 0.0 0.0 207.78 0.50 0.8
r56317 500 14.2 0.3 192.69 0.04 0.8
r53621 500 15.8 0.3 191.35 0.09 0.8
r56405 500 23.6 0.2 185.62 0.09 0.8
als8k20 550 0.0 0.0 210.08 0.23 0.8
r56313 550 15.0 0.3 193.05 0.10 0.8
r53693 550 17.6 0.2 190.27 0.05 0.8
r56401 550 24.5 0.2 185.89 0.08 0.8
r56429 550 25.1 0.2 185.10 0.33 0.8
r56437 550 25.1 0.2 185.11 0.42 0.8
r56453 550 25.2 0.0 185.51 0.10 0.8
als7k20 600 0.0 0.0 212.03 0.57 0.8
r56309 600 15.8 0.3 193.46 0.10 0.8
r56281 600 17.4 0.1 191.66 0.06 0.8
r53633 600 17.7 0.1 191.68 0.15 0.8
r56397 600 25.4 0.2 186.13 0.09 0.8
r53573 610 19.6 0.2 188.24 0.37 0.8
r53581 620 19.4 0.3 189.54 0.36 0.8
r56289 625 17.5 0.1 192.43 0.04 0.8
r53585 630 19.2 0.3 189.94 0.40 0.8
r53589 640 19.0 0.3 190.46 0.30 0.8
als6k20 650 0.0 0.0 214.39 0.41 0.8
r56293 650 17.5 0.1 193.00 0.12 0.8
r56357 650 18.2 0.2 192.94 0.04 0.8
r56373 650 18.2 0.2 192.74 0.16 0.8
r53593 650 18.8 0.3 190.86 0.30 0.8
r56393 650 26.3 0.2 186.40 0.06 0.8
r56381 650 26.8 0.2 186.09 0.07 0.8
r53601 675 19.0 0.3 192.03 0.15 0.8
r56297 700 17.5 0.1 194.08 0.09 0.8
r56385 700 27.2 0.1 186.49 0.05 0.8
r56441 700 28.2 0.2 186.01 0.08 0.8
b&w 25 0.0 0.0 186.59 0.9
als3k10 550 0.0 0.0 201.56 0.25 0.9
als2k10 600 0.0 0.0 203.71 0.12 0.9
als1k10 650 0.0 0.0 205.71 0.30 0.9
msl416031 25 0.0 0.0 179.42 0.16 1.0
msl416032 100 0.0 0.0 180.65 0.16 1.0
msl416033 200 0.0 0.0 183.73 0.18 1.0
msl416034 300 0.0 0.0 185.89 0.15 1.0
msl416035 400 0.0 0.0 188.33 0.14 1.0
msl416036 500 0.0 0.0 191.42 0.17 1.0
msl416037 600 0.0 0.0 194.26 0.25 1.0